chr	start	end	motif	sampleID
1	36332537	36332538	AC	1
2	242792876	242792877	AGC	1
2	56097779	56097780	AAC	1
2	152735065	152735066	AC	1
2	113633916	113633917	AAAT	1
3	25939411	25939412	AC	1
3	54283690	54283691	AC	1
3	70862183	70862184	AATG	1
3	48926004	48926005	AAAT	1
3	138832967	138832968	AC	1
3	48926004	48926005	AAAT	1
4	30718516	30718517	AGC	1
5	122709908	122709909	AAC	1
5	50250530	50250531	AATT	1
5	54363612	54363613	ATCC	1
7	67886878	67886879	AAAT	1
7	141507238	141507239	AAT	1
7	91009609	91009610	AC	1
8	91222537	91222538	AAAT	1
8	95238522	95238523	AC	1
9	3441309	3441310	AG	1
9	4121621	4121622	AC	1
9	21636637	21636638	AC	1
10	126572947	126572948	AAAT	1
11	48022902	48022903	AC	1
12	116727929	116727930	AAAT	1
12	67507149	67507150	AC	1
13	46405315	46405316	AAAT	1
13	97885106	97885107	AC	1
13	44344823	44344824	AC	1
13	90118910	90118911	AGAT	1
13	107302951	107302952	AGAT	1
14	31541096	31541097	AAAT	1
17	73478606	73478607	ACAT	1
20	47965061	47965062	AC	1